# This output was generated by filter_macs_peaks.py, filtered from 7-6_vs_7-2_mfold10,30_pval1e-5_peaks.xls
# Number of peaks: 543
# Filters: pvalue<1e-50
# Sorted by: original order
# Shuffled: None
chr	start	end	length	summit	tags	-10*log10(pvalue)	fold_enrichment	FDR(%)
chr1	9630499	9631985	1487	565	329	1618.4	21.17	0.0
chr1	24666298	24667242	945	538	161	906.14	22.31	4.83
chr1	40415251	40417262	2012	612	417	726.99	13.17	7.35
chr1	40501199	40502200	1002	598	352	1080.45	15.1	2.27
chr1	40904209	40904941	733	378	157	667.29	24.36	7.72
chr1	54866633	54867733	1101	598	160	539.57	14.73	8.9
chr1	58799072	58799956	885	431	156	555.82	14.8	9.21
chr1	62569075	62569903	829	358	132	558.67	18.92	9.26
chr1	64272448	64273406	959	379	253	509.99	11.42	9.11
chr1	72301095	72302682	1588	985	372	529.1	6.09	8.93
chr1	77842448	77843366	919	367	162	549.06	12.25	9.31
chr1	83116196	83117413	1218	466	278	1005.93	22.71	2.75
chr1	89077171	89078079	909	431	199	811.5	17.45	6.35
chr1	91947559	91948421	863	446	208	770.49	16.17	6.42
chr1	92393814	92394848	1035	552	420	796.34	9.42	6.9
chr1	93570490	93571437	948	529	187	916.27	21.87	3.57
chr1	93587887	93590546	2660	1492	321	519.61	7.09	8.88
chr1	99934466	99935476	1011	538	188	668.64	14.93	7.77
chr1	122653242	122656498	3257	985	1086	538.65	5.74	9.07
chr1	128713665	128715659	1995	631	599	741.71	10.05	7.33
chr1	133006917	133007952	1036	655	176	579.9	12.28	9.22
chr1	133173151	133174095	945	508	241	1523.04	37.33	0.0
chr1	135807852	135808996	1145	578	323	1230.4	15.87	1.79
chr1	138581558	138582818	1261	434	541	1260.11	11.24	0.0
chr1	138594782	138595935	1154	521	303	658.77	10.54	8.44
chr1	147777191	147778122	932	353	275	1802.04	34.28	0.0
chr1	153500193	153501401	1209	599	233	577.44	9.38	9.13
chr1	154516599	154517458	860	489	191	663.57	17.35	8.67
chr1	162303271	162303996	726	357	155	543.0	14.83	9.07
chr1	165055908	165057452	1545	544	484	960.71	9.22	2.44
chr1	165100327	165101725	1399	400	296	1049.51	18.47	2.08
chr1	165221449	165222787	1339	808	267	673.33	14.85	7.82
chr1	165312042	165313281	1240	665	490	998.11	12.58	2.7
chr1	169172090	169172829	740	354	140	645.08	23.52	9.17
chr1	170291919	170293768	1850	910	455	566.11	11.55	9.05
chr1	172842008	172843367	1360	675	358	682.3	10.75	8.04
chr1	174243691	174244825	1135	577	235	809.17	14.79	7.33
chr1	174429781	174432781	3001	2461	521	710.74	10.23	7.63
chr1	176570782	176571718	937	530	257	1471.41	31.36	0.0
chr1	176804810	176806241	1432	738	177	500.52	16.2	9.23
chr10	8372958	8374087	1130	810	151	688.97	20.52	7.5
chr10	10266200	10266912	713	395	116	659.83	29.89	8.5
chr10	12598201	12599013	813	381	185	1041.1	24.79	1.98
chr10	13495033	13495856	824	438	120	628.76	23.71	9.17
chr10	13552160	13553366	1207	541	211	532.04	11.98	8.87
chr10	14023090	14023859	770	405	139	847.89	35.04	5.29
chr10	17067313	17068165	853	468	182	520.76	15.43	8.93
chr10	18872405	18873417	1013	482	151	801.52	26.45	7.07
chr10	37053251	37054225	975	587	148	654.25	15.22	8.44
chr10	37057712	37058696	985	555	173	880.88	20.94	5.03
chr10	59287864	59288801	938	452	365	1114.58	11.0	1.27
chr10	59371880	59372671	792	468	196	924.58	20.94	2.21
chr10	60740538	60741440	903	360	334	543.28	8.06	9.09
chr10	67070229	67071391	1163	795	243	1482.23	23.55	0.0
chr10	67113956	67114843	888	455	125	636.56	22.33	9.17
chr10	69239619	69240543	925	457	201	852.24	18.56	5.33
chr10	76578885	76580373	1489	623	396	546.95	8.79	9.23
chr10	77597499	77599302	1804	490	176	523.57	10.58	8.82
chr10	87471333	87472043	711	337	126	547.71	19.53	9.25
chr10	87852707	87854140	1434	571	327	562.35	7.75	9.15
chr10	92601179	92602054	876	399	144	534.22	14.4	8.96
chr10	96152687	96154303	1617	1059	397	604.14	9.05	8.64
chr10	96904790	96905725	936	412	207	1244.34	35.0	1.82
chr10	100107698	100108832	1135	837	141	607.47	17.03	8.82
chr10	120072791	120073857	1067	547	406	737.99	10.27	7.26
chr11	4194024	4195650	1627	699	232	654.5	17.36	8.49
chr11	4199018	4201378	2361	937	607	1008.05	15.38	2.8
chr11	7447659	7448884	1226	497	317	586.01	7.77	9.41
chr11	8351410	8352253	844	428	139	571.94	19.39	8.98
chr11	16748499	16749933	1435	666	296	541.67	7.87	9.0
chr11	18392163	18393754	1592	1089	394	839.45	11.23	5.17
chr11	21123982	21125081	1100	723	234	522.17	10.21	8.79
chr11	29784094	29784948	855	432	133	551.01	19.4	9.35
chr11	32304313	32305624	1312	578	309	876.27	16.91	5.0
chr11	40260097	40261109	1013	493	168	535.57	13.89	9.0
chr11	45780111	45781152	1042	522	179	927.69	27.2	2.24
chr11	49624255	49625606	1352	660	536	904.01	10.97	4.76
chr11	53994853	53996051	1199	707	486	1883.57	14.06	0.0
chr11	54036794	54038683	1890	1208	612	2399.33	12.99	0.0
chr11	54305182	54306467	1286	624	275	542.96	9.38	9.05
chr11	54785156	54786335	1180	502	154	650.01	15.66	8.7
chr11	65261734	65262754	1021	376	159	575.34	12.84	9.05
chr11	68271258	68273626	2369	528	488	1354.24	17.05	0.0
chr11	68327186	68328114	929	461	172	865.33	22.63	4.88
chr11	69842018	69843597	1580	1234	366	1633.78	14.03	0.0
chr11	70281012	70282038	1027	502	424	1275.94	15.24	0.0
chr11	81829287	81830623	1337	767	433	1928.0	22.12	0.0
chr11	81845405	81847536	2132	1299	739	1584.57	11.35	0.0
chr11	81848060	81853906	5847	996	1405	2212.16	9.83	0.0
chr11	83335468	83338367	2900	1867	303	1187.92	15.8	1.54
chr11	83343503	83344731	1229	701	165	580.84	12.48	9.25
chr11	83347537	83348924	1388	889	408	1025.61	10.13	1.92
chr11	83550482	83551658	1177	367	225	973.5	19.49	2.5
chr11	86193793	86196017	2225	1448	623	512.06	8.81	8.75
chr11	87256817	87257490	674	337	245	679.02	7.45	7.96
chr11	100807775	100808887	1113	527	161	523.34	13.68	8.81
chr11	108226348	108227176	829	380	158	577.45	19.97	9.16
chr11	114585931	114587252	1322	714	266	622.02	8.96	8.99
chr11	115993484	115994701	1218	632	209	570.57	10.93	8.94
chr11	117807380	117808200	821	326	117	576.46	14.21	9.09
chr11	119254058	119255178	1121	299	213	609.51	10.7	8.87
chr11	119794195	119795557	1363	494	394	596.02	8.67	8.95
chr12	8392952	8394530	1579	662	619	3100.0	34.55	0.0
chr12	10336070	10337317	1248	383	226	798.87	20.66	6.97
chr12	10417163	10418165	1003	546	219	713.54	14.71	7.42
chr12	17513502	17514619	1118	436	195	546.47	11.82	9.21
chr12	34724598	34726505	1908	1390	454	715.26	13.74	7.45
chr12	35492829	35493691	863	367	176	1126.48	40.01	1.37
chr12	35976186	35977241	1056	619	314	703.51	12.12	7.55
chr12	36009015	36010389	1375	532	243	840.23	17.09	5.2
chr12	36042089	36043406	1318	756	414	804.93	9.56	7.18
chr12	36102327	36103599	1273	510	293	645.36	12.11	9.2
chr12	56493836	56494982	1147	561	302	1120.36	15.82	1.32
chr12	56586491	56590543	4053	2452	538	554.5	5.88	9.33
chr12	56591074	56594186	3113	1608	763	615.56	7.26	9.04
chr12	74891237	74892225	989	483	448	1630.64	14.7	0.0
chr12	81912596	81913811	1216	664	353	695.56	7.64	7.75
chr12	81954299	81955435	1137	425	244	505.95	9.55	9.16
chr12	86186513	86189243	2731	1054	722	789.7	7.95	6.73
chr12	88159756	88160801	1046	614	211	953.38	22.87	2.4
chr12	96798972	96799897	926	486	141	504.12	15.78	9.31
chr12	100301942	100302746	805	294	177	601.72	14.39	8.81
chr12	112708997	112710547	1551	548	519	548.21	7.93	9.27
chr13	4825836	4826653	818	390	119	610.58	19.71	8.89
chr13	5301295	5302266	972	546	207	734.6	14.79	7.05
chr13	6164914	6165870	957	371	251	1266.56	25.11	0.0
chr13	15898302	15899453	1152	728	271	529.98	8.55	8.76
chr13	15999245	16000251	1007	472	357	2289.67	36.65	0.0
chr13	17602808	17604330	1523	637	220	572.15	11.18	9.0
chr13	24656943	24658460	1518	450	323	932.44	15.91	2.27
chr13	38643855	38644395	541	244	119	736.67	18.5	7.17
chr13	39944498	39945220	723	523	128	641.53	19.31	9.04
chr13	41915606	41917363	1758	974	198	685.31	15.54	8.1
chr13	43127330	43129088	1759	645	282	782.51	15.34	6.6
chr13	45779768	45781134	1367	664	304	542.37	8.05	9.01
chr13	52576725	52577821	1097	562	223	527.79	13.33	8.89
chr13	60532224	60533692	1469	713	319	983.92	18.74	2.61
chr13	75891234	75892485	1252	759	297	694.01	15.98	7.66
chr13	78948643	78949621	979	478	289	935.29	17.51	2.33
chr13	98018851	98020219	1369	953	235	766.28	19.01	7.21
chr13	98797189	98798536	1348	740	332	501.54	8.54	9.24
chr13	104437768	104439097	1330	532	186	601.65	16.2	8.79
chr13	108466022	108467695	1674	1033	313	772.79	12.63	6.48
chr13	111067567	111068616	1050	544	185	816.92	22.69	6.45
chr13	111335470	111336281	812	377	132	623.36	21.1	9.04
chr13	113107887	113109029	1143	613	223	545.95	11.97	9.19
chr13	115576651	115577517	867	413	186	914.43	18.01	3.5
chr13	117751189	117752561	1373	467	155	537.79	14.17	9.05
chr13	119733291	119734017	727	477	146	685.98	18.01	7.77
chr13	119931906	119932897	992	474	270	816.57	13.38	6.42
chr14	14383399	14384445	1047	492	170	703.69	23.61	7.58
chr14	19772275	19773142	868	514	132	553.33	17.11	9.49
chr14	23405813	23407568	1756	988	334	506.91	8.21	9.18
chr14	27936387	27937390	1004	470	289	590.83	10.38	9.07
chr14	28154010	28155403	1394	777	205	770.09	17.59	6.39
chr14	28189175	28189972	798	281	214	889.31	19.18	5.19
chr14	29447960	29449195	1236	585	213	540.38	12.08	8.94
chr14	31756918	31758129	1212	729	234	542.83	9.84	9.03
chr14	34100785	34101752	968	537	181	888.83	23.81	5.16
chr14	64581113	64582004	892	576	423	711.63	7.54	7.69
chr14	70394233	70395347	1115	635	200	952.05	25.3	2.38
chr14	70729338	70730426	1089	692	450	1029.4	11.88	1.94
chr14	70754123	70755175	1053	635	200	588.36	19.56	9.23
chr14	70770506	70771342	837	410	108	519.97	23.71	8.9
chr14	71527893	71528940	1048	606	278	814.5	12.15	6.38
chr14	74772688	74773509	822	342	118	551.65	19.23	9.43
chr14	76499024	76499884	861	515	176	595.11	14.35	9.18
chr14	77155027	77156081	1055	493	129	526.28	16.98	8.86
chr14	106063800	106064683	884	438	127	553.31	22.5	9.47
chr15	5444811	5446106	1296	641	376	520.82	8.3	8.95
chr15	6275912	6276832	921	200	156	735.74	15.09	7.14
chr15	6360978	6361806	829	554	194	593.76	15.47	9.11
chr15	6807291	6808373	1083	429	213	744.99	15.34	7.36
chr15	6863455	6865502	2048	944	651	684.45	11.57	8.07
chr15	7787546	7789525	1980	1536	751	896.77	6.7	5.37
chr15	7812329	7813619	1291	604	198	528.06	11.63	8.91
chr15	7827406	7828730	1325	673	458	621.16	8.16	8.91
chr15	33975923	33977363	1441	906	384	681.88	8.01	8.01
chr15	40195258	40196503	1246	585	403	1711.69	18.15	0.0
chr15	42177420	42178170	751	464	165	1136.49	40.54	1.39
chr15	42468061	42468989	929	427	155	567.63	18.45	8.88
chr15	50603956	50605227	1272	367	223	979.65	26.73	2.56
chr15	51019861	51021723	1863	619	301	576.53	8.77	9.11
chr15	51194506	51195681	1176	590	311	531.07	9.24	8.82
chr15	51423765	51425143	1379	797	288	645.73	13.36	9.26
chr15	52779555	52780432	878	385	209	832.39	19.51	5.62
chr15	52970045	52971129	1085	496	273	642.73	10.55	9.12
chr15	53374218	53375173	956	448	206	772.84	16.89	6.51
chr15	54058091	54059490	1400	663	229	574.28	11.72	9.03
chr15	56187624	56188326	703	385	99	513.87	20.61	8.78
chr15	59311741	59314048	2308	1272	522	864.1	12.58	4.85
chr15	59559344	59560506	1163	513	304	613.94	10.61	8.97
chr15	62159683	62161186	1504	339	794	691.33	6.89	7.64
chr15	66278033	66279629	1597	1137	161	569.99	15.98	8.92
chr15	66904863	66906180	1318	759	181	502.39	14.38	9.28
chr15	66947866	66949029	1164	607	182	661.34	17.68	8.55
chr15	67183615	67184552	938	486	240	1048.78	17.05	2.06
chr15	67612136	67613269	1134	529	424	2541.96	34.72	0.0
chr15	73265095	73266071	977	473	216	606.56	12.36	8.75
chr15	83123354	83125385	2032	421	416	920.91	14.0	2.9
chr15	83126099	83127163	1065	553	215	808.09	18.97	7.29
chr15	98522236	98523396	1161	552	209	603.97	14.18	8.62
chr15	100984619	100986066	1448	927	352	1070.62	19.1	2.13
chr16	3722898	3723745	848	562	159	801.17	22.53	7.04
chr16	10600266	10601131	866	500	128	585.61	18.33	9.38
chr16	10754261	10755351	1091	511	403	1391.96	18.52	0.0
chr16	10784299	10787996	3698	2984	658	618.11	5.57	9.09
chr16	24910312	24911593	1282	411	215	590.65	9.59	9.02
chr16	25746634	25747617	984	457	243	530.17	11.28	8.78
chr16	26625846	26626798	953	501	194	735.28	19.01	7.11
chr16	30442262	30443171	910	458	319	1072.03	15.73	2.15
chr16	30733491	30734225	735	377	130	544.4	14.46	9.15
chr16	36463812	36464693	882	502	186	696.4	18.54	7.81
chr16	45968608	45969511	904	453	350	636.53	6.97	9.14
chr16	49938436	49940116	1681	782	248	622.69	12.92	9.01
chr16	55636124	55637679	1556	1061	296	563.14	8.54	9.01
chr16	57536474	57537488	1015	378	218	566.97	12.75	8.84
chr16	64941179	64942628	1450	554	218	1124.54	25.46	1.35
chr16	64989047	64989729	683	360	198	597.4	13.75	8.97
chr16	65196854	65197810	957	561	121	509.21	15.4	9.23
chr16	84621288	84622495	1208	515	227	707.09	14.79	7.6
chr16	84654094	84654633	540	271	133	509.44	13.75	9.25
chr16	85422595	85424206	1612	862	574	1118.47	12.14	1.3
chr16	86094412	86095319	908	536	191	924.34	21.96	2.19
chr16	91361421	91364576	3156	1818	796	654.73	6.79	8.52
chr16	93141944	93143133	1190	566	299	1419.47	19.23	0.0
chr16	93189337	93190882	1546	678	293	659.43	10.53	8.47
chr16	95950170	95951210	1041	506	345	647.45	10.18	9.29
chr16	96119052	96120234	1183	587	415	1570.26	19.84	0.0
chr17	5821874	5823242	1369	866	292	541.25	13.98	8.98
chr17	12039855	12041459	1605	797	239	984.12	17.73	2.63
chr17	13202593	13203645	1053	488	302	729.42	11.39	7.38
chr17	14275422	14276747	1326	746	308	893.24	14.47	5.23
chr17	24171812	24172521	710	364	157	969.44	23.44	2.46
chr17	29530025	29531746	1722	1266	293	657.18	16.72	8.28
chr17	34998791	35000725	1935	777	364	1531.54	17.16	0.0
chr17	35515942	35516870	929	509	189	604.67	15.63	8.66
chr17	43543122	43545268	2147	1571	460	1229.81	20.6	1.75
chr17	45496273	45497303	1031	438	306	517.49	9.83	8.86
chr17	45692125	45696444	4320	2843	551	1029.67	9.49	1.96
chr17	64148191	64149950	1760	404	309	796.09	18.19	6.83
chr17	64542371	64542926	556	213	149	797.57	20.27	6.93
chr17	71102819	71103637	819	374	143	578.35	16.32	9.18
chr17	71513900	71514838	939	656	273	552.28	11.36	9.45
chr17	79689605	79690687	1083	579	181	562.58	13.38	8.97
chr17	80144325	80146698	2374	1331	577	506.93	9.76	9.19
chr17	80158284	80161614	3331	1674	494	658.09	9.77	8.36
chr17	81677768	81679310	1543	888	308	1497.27	32.87	0.0
chr17	82020269	82021478	1210	559	274	837.19	13.02	5.14
chr17	82914700	82916011	1312	879	416	982.89	17.29	2.59
chr17	83703416	83704383	968	598	187	658.29	14.05	8.41
chr17	84594895	84596486	1592	467	342	550.47	10.58	9.33
chr17	84719328	84720520	1193	834	209	515.86	15.49	8.81
chr17	87501805	87502971	1167	282	344	807.27	13.19	7.25
chr18	4829485	4830498	1014	618	352	1605.75	14.45	0.0
chr18	6700884	6701752	869	285	236	702.15	12.47	7.49
chr18	12797809	12799710	1902	1384	297	805.16	16.06	7.22
chr18	32604047	32605486	1440	882	478	524.81	8.14	8.84
chr18	32977256	32978914	1659	1118	287	517.26	13.28	8.85
chr18	36651949	36653402	1454	568	329	718.41	9.04	7.57
chr18	36867866	36868979	1114	644	354	926.81	10.07	2.22
chr18	39537646	39538725	1080	628	290	1743.77	37.96	0.0
chr18	39896881	39898098	1218	644	222	631.74	14.9	9.28
chr18	61233933	61234848	916	522	192	654.39	18.64	8.46
chr18	76237880	76239775	1896	1178	585	2267.19	20.02	0.0
chr18	76256465	76257525	1061	550	142	561.48	14.9	9.13
chr18	84878963	84879819	857	373	164	629.52	16.05	9.2
chr19	3359516	3360408	893	379	129	529.42	14.47	8.95
chr19	6296034	6298326	2293	1807	492	1006.29	13.02	2.78
chr19	6950845	6951965	1121	698	222	633.93	13.76	9.06
chr19	9056739	9059799	3061	2384	726	859.11	12.41	5.39
chr19	10005354	10007159	1806	813	360	844.2	13.66	5.26
chr19	10431087	10432380	1294	457	179	721.58	16.7	7.66
chr19	11887318	11888211	894	518	174	539.58	13.6	8.92
chr19	16972418	16973793	1376	902	235	532.17	10.8	8.89
chr19	21893927	21895357	1431	896	302	1173.5	19.71	1.49
chr19	23068068	23070364	2297	609	512	554.25	6.03	9.29
chr19	26966998	26968142	1145	630	293	1207.49	21.87	1.64
chr19	29164516	29165940	1425	476	267	539.21	10.09	8.88
chr19	29224311	29225281	971	517	202	903.46	21.83	4.73
chr19	29250646	29251489	844	479	126	660.72	25.96	8.52
chr19	29259791	29260871	1081	492	166	615.52	14.54	9.02
chr19	30379559	30380611	1053	574	169	668.27	15.8	7.74
chr19	30391063	30392662	1600	971	335	1084.27	18.28	2.35
chr19	34341951	34343108	1158	627	202	625.0	13.73	9.07
chr19	34410767	34412127	1361	553	237	767.33	14.4	6.82
chr19	34456445	34457788	1344	798	262	614.5	11.57	8.99
chr19	34498091	34499065	975	560	347	1946.45	29.2	0.0
chr19	34509416	34510893	1478	529	464	914.57	8.49	3.52
chr19	34524706	34525941	1236	952	231	712.12	22.29	7.78
chr19	35949719	35950575	857	334	161	551.38	14.22	9.39
chr19	37131438	37132603	1166	780	242	642.12	9.82	9.06
chr19	50791289	50792004	716	294	120	654.91	25.25	8.54
chr2	7451016	7451808	793	223	178	947.52	22.26	2.36
chr2	9402338	9404509	2172	1299	447	554.26	11.17	9.31
chr2	25403620	25405952	2333	1700	351	560.56	9.53	9.09
chr2	28446444	28447520	1077	774	612	2315.18	16.1	0.0
chr2	30780300	30781667	1368	569	285	637.43	11.89	8.9
chr2	31019198	31021452	2255	1382	303	559.61	8.79	9.3
chr2	32242773	32244053	1281	671	234	1016.48	27.16	1.9
chr2	33031968	33033983	2016	662	279	602.75	9.72	8.83
chr2	38379666	38380353	688	155	169	895.39	24.67	5.33
chr2	44414661	44415654	994	438	177	557.18	8.19	9.23
chr2	44831672	44834287	2616	1227	398	594.0	10.08	9.14
chr2	45436186	45437866	1681	655	479	626.14	9.91	9.12
chr2	50317491	50320165	2675	588	550	1194.27	13.01	1.61
chr2	52788864	52790265	1402	397	485	543.32	6.69	9.11
chr2	52856498	52857717	1220	727	293	1496.72	21.24	0.0
chr2	55059003	55060010	1008	549	198	619.67	12.59	9.17
chr2	55674985	55675684	700	301	155	717.87	16.92	7.54
chr2	55683438	55684236	799	215	143	582.05	16.85	9.29
chr2	59817368	59818499	1132	612	204	536.25	14.16	9.02
chr2	60207450	60209339	1890	281	407	1065.44	13.36	2.11
chr2	68821083	68822218	1136	519	455	1683.42	17.45	0.0
chr2	72719293	72720294	1002	503	283	1082.62	18.48	2.3
chr2	75600975	75601975	1001	527	273	1105.51	18.52	1.23
chr2	79864805	79865649	845	546	186	630.2	12.16	9.22
chr2	79998427	79999560	1134	721	326	618.67	11.78	9.12
chr2	80557837	80558591	755	447	241	820.92	15.73	6.52
chr2	90385244	90386645	1402	369	218	517.08	15.55	8.83
chr2	92815126	92816674	1549	587	239	804.32	19.64	7.11
chr2	102562433	102563237	805	438	187	932.62	27.78	2.29
chr2	102618321	102619099	779	244	185	1073.66	32.95	2.2
chr2	102636267	102637669	1403	541	197	688.96	16.18	7.47
chr2	102957061	102958127	1067	434	225	858.61	15.54	5.36
chr2	107015751	107016783	1033	497	271	1725.62	40.12	0.0
chr2	116243162	116244727	1566	510	301	1247.63	19.25	1.85
chr2	122490929	122492862	1934	504	302	1229.52	21.31	1.72
chr2	122544676	122545556	881	458	184	665.22	14.59	8.03
chr2	126057410	126058075	666	213	115	554.87	20.73	9.17
chr2	126128328	126129825	1498	923	528	799.29	8.95	7.0
chr2	126134977	126136603	1627	1064	538	1644.08	20.4	0.0
chr2	126179971	126181276	1306	366	184	535.3	17.08	8.98
chr2	129136766	129137902	1137	767	181	689.74	16.71	7.55
chr2	129156084	129157716	1633	507	358	841.41	7.67	5.23
chr2	132037664	132038531	868	566	371	582.71	7.26	9.31
chr2	141148923	141150181	1259	365	174	748.29	21.63	7.46
chr2	141553993	141554928	936	434	141	750.2	23.37	7.49
chr2	152732393	152734320	1928	1056	465	632.74	6.47	9.3
chr2	152908858	152910838	1981	1353	313	545.36	12.36	9.17
chr2	155704457	155705272	816	371	205	627.01	14.67	9.14
chr2	158057049	158059463	2415	2036	409	867.13	12.39	4.91
chr2	158128252	158128977	726	518	140	746.16	21.2	7.39
chr2	164338231	164339494	1264	806	284	1281.17	29.65	0.0
chr2	167088470	167089648	1179	656	355	893.3	14.05	5.26
chr2	167577773	167580186	2414	1846	575	1273.31	10.41	0.0
chr3	18114906	18116229	1324	796	353	617.92	11.15	9.07
chr3	38175670	38176725	1056	530	235	1440.17	29.6	0.0
chr3	43504415	43505382	968	401	210	711.23	17.29	7.66
chr3	49836824	49837834	1011	667	201	689.52	15.6	7.53
chr3	50241731	50242665	935	529	169	670.7	19.25	7.8
chr3	57056269	57057268	1000	423	295	729.78	11.33	7.41
chr3	57106882	57109219	2338	1772	379	723.59	16.81	7.72
chr3	66020886	66021906	1021	631	163	554.7	11.1	9.35
chr3	83543864	83544861	998	494	223	658.21	11.57	8.39
chr3	84122300	84124175	1876	1286	398	551.05	9.49	9.37
chr3	89735137	89736009	873	570	188	1212.52	28.72	1.67
chr3	94870284	94871095	812	432	224	533.26	12.94	8.92
chr3	102158705	102159941	1237	790	243	1099.09	29.58	1.22
chr3	115749063	115750412	1350	966	248	1098.77	14.78	1.2
chr3	119878591	119879211	621	216	170	500.34	10.68	9.21
chr3	126766399	126767567	1169	707	224	690.78	11.67	7.58
chr3	127482757	127483846	1090	620	235	567.49	11.97	8.86
chr3	131360903	131361770	868	402	181	1046.1	27.5	2.04
chr3	135829367	135830331	965	501	186	608.53	13.73	8.85
chr3	135928023	135928861	839	349	166	723.12	13.66	7.69
chr3	142222395	142224217	1823	1208	536	1302.97	7.74	0.0
chr3	145555055	145556193	1139	545	153	526.87	13.19	8.88
chr3	151693262	151694203	942	377	172	934.96	26.91	2.31
chr4	11916503	11918035	1533	808	286	873.74	16.3	4.97
chr4	16094670	16096680	2011	1014	420	823.71	9.36	6.63
chr4	50538900	50539765	866	360	164	976.73	31.34	2.54
chr4	57851806	57852959	1154	646	294	716.73	11.7	7.51
chr4	58413513	58415711	2199	1672	593	579.54	10.21	9.2
chr4	58435756	58436719	964	502	206	1118.14	28.77	1.28
chr4	62400345	62401409	1065	575	166	645.53	17.98	9.23
chr4	81933652	81934894	1243	671	390	2606.61	38.03	0.0
chr4	83620043	83621049	1007	577	222	883.9	15.54	5.06
chr4	102296209	102298013	1805	785	474	953.72	8.82	2.42
chr4	104941085	104942092	1008	418	233	1332.66	29.9	0.0
chr4	109156970	109157816	847	400	125	522.02	23.41	8.77
chr4	117742473	117743907	1435	940	179	825.79	15.8	6.67
chr4	119638718	119640112	1395	729	357	1585.37	20.83	0.0
chr4	133169865	133170919	1055	651	321	785.1	12.19	6.67
chr4	135672701	135673573	873	504	269	587.67	10.31	9.18
chr4	142867905	142868934	1030	581	299	559.52	9.75	9.28
chr4	148020627	148021356	730	326	334	909.03	12.53	4.86
chr4	149353548	149354614	1067	529	306	822.37	16.53	6.59
chr4	150080865	150082217	1353	656	346	886.1	11.7	5.13
chr4	150211224	150212287	1064	537	224	893.5	18.92	5.3
chr4	155571832	155572443	612	308	199	590.15	9.58	9.0
chr5	3151926	3152781	856	363	236	592.92	10.08	9.09
chr5	4234387	4235263	877	344	218	1082.73	19.79	2.33
chr5	4529815	4531979	2165	862	645	637.7	5.43	8.93
chr5	17061670	17063496	1827	458	622	1321.99	13.89	0.0
chr5	20693607	20695698	2092	1538	442	1190.17	15.33	1.59
chr5	31878386	31879713	1328	876	430	1091.24	12.84	2.38
chr5	31932302	31933258	957	331	243	994.53	16.7	2.68
chr5	34876231	34879074	2844	1871	476	560.68	6.7	9.11
chr5	36097320	36098596	1277	743	377	531.39	8.74	8.85
chr5	43824131	43825314	1184	631	460	687.01	7.78	7.8
chr5	43828250	43829406	1157	666	227	1123.84	19.33	1.33
chr5	44083528	44084822	1295	406	194	651.62	14.09	8.72
chr5	48311684	48313529	1846	840	305	719.8	12.13	7.6
chr5	52737932	52738978	1047	315	156	575.59	11.2	9.07
chr5	53776426	53777608	1183	668	192	607.38	13.89	8.8
chr5	53881595	53882655	1061	547	350	1558.71	21.09	0.0
chr5	53900464	53901500	1037	504	165	633.34	15.62	9.04
chr5	64503402	64504366	965	402	228	681.31	11.92	7.99
chr5	65225206	65226117	912	452	208	1455.24	41.57	0.0
chr5	74888499	74889368	870	414	175	588.21	16.15	9.2
chr5	75171288	75172792	1505	499	376	1012.72	20.29	2.83
chr5	89441384	89442660	1277	222	139	532.52	11.68	8.91
chr5	91118226	91119543	1318	804	543	819.45	7.61	6.49
chr5	91146747	91148742	1996	339	240	782.44	12.85	6.57
chr5	91182620	91183537	918	486	165	505.7	12.04	9.14
chr5	91304781	91306742	1962	515	361	916.12	12.71	3.55
chr5	91308981	91311668	2688	1237	460	735.21	11.4	7.08
chr5	91318633	91324061	5429	1768	1736	2235.95	9.99	0.0
chr5	92648466	92650162	1697	568	282	569.23	9.21	8.9
chr5	92658554	92659330	777	384	113	594.19	20.61	9.16
chr5	92776878	92778827	1950	1170	267	831.94	18.96	5.59
chr5	99372538	99373440	903	406	223	789.49	16.59	6.7
chr5	99643127	99644043	917	470	169	601.04	13.54	8.76
chr5	101050986	101052322	1337	1018	293	775.16	8.49	6.54
chr5	101065554	101066393	840	504	222	720.35	14.7	7.63
chr5	104049193	104050344	1152	541	578	741.12	7.07	7.3
chr5	119559366	119560223	858	395	154	621.22	17.16	8.94
chr5	127018227	127019188	962	394	168	999.49	33.67	2.73
chr5	136645864	136648639	2776	1594	576	562.87	6.74	8.99
chr5	148589611	148590849	1239	770	186	509.55	15.92	9.28
chr5	151905564	151906341	778	410	129	571.07	20.14	8.96
chr5	152118043	152119277	1235	535	425	1419.64	19.23	0.0
chr6	6259751	6261599	1849	735	317	860.2	17.29	4.82
chr6	15791102	15792399	1298	942	231	502.3	8.86	9.26
chr6	17196386	17197520	1135	721	271	1072.38	14.4	2.17
chr6	17543917	17544591	675	273	193	804.43	18.21	7.14
chr6	17713488	17715227	1740	664	664	1608.83	12.48	0.0
chr6	17734785	17735991	1207	734	317	698.14	18.35	7.84
chr6	34697842	34700109	2268	1901	339	604.74	11.87	8.68
chr6	35375556	35376921	1366	882	192	514.49	12.82	8.8
chr6	37547628	37548650	1023	599	198	809.36	22.08	7.37
chr6	38324249	38325369	1121	230	245	691.25	18.56	7.61
chr6	55214499	55215785	1287	618	327	834.67	12.75	5.65
chr6	66798151	66799929	1779	951	466	512.24	9.86	8.76
chr6	82858811	82859799	989	450	242	503.08	7.96	9.29
chr6	84339194	84341548	2355	2023	415	554.84	16.05	9.15
chr6	87214214	87216831	2618	1015	374	1185.34	19.2	1.52
chr6	89656425	89657117	693	404	190	867.88	18.78	4.94
chr6	89907395	89908106	712	293	160	1108.57	31.61	1.25
chr6	93206264	93209098	2835	1160	806	770.73	9.68	6.45
chr6	93321131	93322023	893	438	266	1272.25	24.5	0.0
chr6	94595499	94597338	1840	1185	378	637.71	7.57	8.96
chr6	94692877	94693965	1089	253	194	642.16	21.17	9.09
chr6	94921079	94922287	1209	791	204	694.69	17.91	7.69
chr6	96020826	96022046	1221	450	161	551.38	15.31	9.39
chr6	99138179	99139227	1049	516	294	1221.42	15.93	1.69
chr6	117268640	117270992	2353	1122	785	696.22	7.75	7.78
chr6	120419729	120421126	1398	1124	398	762.31	13.54	7.08
chr6	127006582	127008162	1581	810	635	676.81	6.66	7.9
chr6	136913074	136914977	1904	1623	300	584.28	12.75	9.36
chr6	149208988	149210153	1166	637	403	584.11	8.98	9.34
chr7	5357594	5358509	916	507	181	1161.25	30.23	1.47
chr7	5492239	5493055	817	314	137	796.14	17.52	6.86
chr7	29512644	29513545	902	415	145	793.11	24.14	6.76
chr7	54277563	54278523	961	497	157	712.01	21.6	7.72
chr7	76965054	76966009	956	536	147	676.75	20.19	7.85
chr7	77181638	77182516	879	483	128	563.25	16.65	9.03
chr7	79664050	79665075	1026	546	232	531.13	10.37	8.84
chr7	81791965	81793238	1274	452	179	712.07	22.63	7.75
chr7	81803401	81804340	940	453	117	543.56	19.58	9.13
chr7	81828622	81829368	747	405	101	507.35	23.36	9.21
chr7	82811789	82812946	1158	250	168	605.46	10.95	8.71
chr7	96966770	96967410	641	407	134	785.06	25.87	6.64
chr7	96974395	96975101	707	142	108	590.77	20.61	9.05
chr7	99641561	99642682	1122	703	211	640.43	11.97	8.98
chr7	99980723	99981531	809	427	108	534.08	25.08	8.94
chr7	99985658	99986491	834	322	291	1600.37	25.36	0.0
chr7	104503265	104504415	1151	506	229	618.92	11.49	9.14
chr7	105538745	105541552	2808	1391	443	663.28	14.11	8.64
chr7	117845343	117846650	1308	451	267	636.31	9.74	9.12
chr7	117856790	117857781	992	524	188	548.88	12.9	9.29
chr7	119642897	119644219	1323	455	197	663.03	18.37	8.61
chr7	119763606	119764884	1279	593	206	520.47	7.98	8.91
chr7	120276961	120277994	1034	617	147	555.54	17.0	9.19
chr7	138086336	138087661	1326	688	386	834.96	11.38	5.68
chr7	151526013	151526926	914	460	197	930.93	24.51	2.26
chr7	152291822	152292941	1120	698	241	1077.71	19.87	2.25
chr8	8273777	8275925	2149	1409	392	562.55	10.69	8.94
chr8	11767071	11768141	1071	592	240	658.07	13.09	8.33
chr8	32482525	32484434	1910	1294	624	1468.36	18.31	0.0
chr8	34213958	34215163	1206	688	493	1188.04	16.05	1.56
chr8	41679485	41681402	1918	1349	510	1874.65	21.21	0.0
chr8	41746148	41747176	1029	662	148	599.6	14.29	8.74
chr8	46770223	46771257	1035	485	218	657.59	14.34	8.31
chr8	55504533	55506326	1794	650	419	1146.18	17.31	1.45
chr8	55534846	55536824	1979	544	455	1144.62	18.35	1.43
chr8	70680797	70681785	989	450	307	974.61	19.05	2.52
chr8	70711249	70712500	1252	694	255	530.24	9.7	8.8
chr8	74669178	74671808	2631	1049	403	626.07	12.07	9.09
chr8	81663202	81664051	850	563	152	736.82	20.86	7.2
chr8	84926255	84927459	1205	651	195	766.56	13.41	7.24
chr8	85833678	85834438	761	287	147	676.75	18.5	7.85
chr8	87498578	87506005	7428	5317	1835	947.03	5.03	2.34
chr8	91162053	91163405	1353	784	272	904.65	12.68	4.79
chr8	96694959	96697852	2894	625	506	716.49	15.41	7.48
chr8	105264558	105265605	1048	500	162	605.85	15.62	8.73
chr8	105364844	105366136	1293	561	266	1041.2	17.19	2.0
chr8	106058650	106059561	912	421	240	603.89	15.47	8.59
chr8	112107922	112110257	2336	1798	448	970.75	15.34	2.48
chr8	113316130	113319171	3042	2568	604	765.29	9.0	7.17
chr9	7872680	7873540	861	401	285	821.03	11.39	6.56
chr9	20939183	20941900	2718	1225	433	764.78	10.63	7.14
chr9	23269138	23270357	1220	789	381	1670.39	22.93	0.0
chr9	23277882	23278750	869	439	123	611.6	23.48	8.92
chr9	32765974	32766967	994	417	190	656.85	14.3	8.25
chr9	41287792	41288937	1146	519	295	794.11	9.88	6.8
chr9	41323029	41323889	861	471	197	886.01	21.74	5.1
chr9	60327487	60328546	1060	583	191	640.64	16.43	9.01
chr9	62472201	62473269	1069	515	323	1399.98	18.7	0.0
chr9	63897322	63899243	1922	1260	275	662.82	13.73	8.58
chr9	70790117	70791328	1212	548	286	1045.68	22.82	2.02
chr9	75269774	75270836	1063	428	200	581.97	10.63	9.27
chr9	84142987	84143768	782	614	141	762.43	26.62	7.11
chr9	85193046	85193802	757	400	126	643.78	25.41	9.15
chr9	86518144	86519065	922	463	150	634.62	15.65	9.09
chr9	87986287	87987977	1691	1264	326	733.66	6.95	7.02
chr9	90095577	90097456	1880	1026	280	630.67	14.78	9.25
chr9	96681854	96684726	2873	851	522	1075.91	21.97	2.22
chr9	96690056	96690984	929	463	163	919.87	30.3	2.88
chr9	99620189	99621193	1005	451	222	746.84	16.94	7.42
chr9	102962679	102964515	1837	1433	299	611.71	12.12	8.94
chr9	106280189	106281202	1014	382	175	536.27	13.4	9.03
chr9	108038976	108040555	1580	1106	332	678.98	8.72	7.93
chr9	108956829	108958166	1338	583	224	621.69	16.98	8.96
chrX	9047721	9048505	785	540	115	607.16	19.93	8.78
chrX	18779567	18780138	572	285	135	702.92	20.07	7.52
chrX	18782798	18783943	1146	912	234	987.07	15.73	2.65
chrX	33654925	33655729	805	475	133	509.44	13.67	9.26
chrX	35784054	35784908	855	465	149	541.04	15.58	8.96
chrX	49272163	49273082	920	361	179	1138.03	27.48	1.41
chrX	166110701	166112385	1685	1074	254	694.74	10.51	7.72
chrX	166434731	166436704	1974	408	1031	736.88	5.04	7.23
